[[0, 1, 2, 3], [4, 5, 6, 7], [8, 9, 10, 11], [12, 13, 14, 15]]
[[0, 1, 2, 3], [4, 5, 6, 7], [8, 9, 10, 11]]
[[0, 1, 2, 3], [4, 5, 6, 7]]
[[0, 1, 2, 3]]
[[0, 1, 2]]
[[0, 1]]
[[0]]
[[1]]
[[1, 2]]
[[1]]
[[2]]
[[1, 2, 3]]
[[1, 2]]
[[1]]
[[2]]
[[2, 3]]
[[2]]
[[3]]
[[4, 5, 6, 7]]
[[4, 5, 6]]
[[4, 5]]
[[4]]
[[5]]
[[5, 6]]
[[5]]
[[6]]
[[5, 6, 7]]
[[5, 6]]
[[5]]
[[6]]
[[6, 7]]
[[6]]
[[7]]
[[0, 1, 2], [4, 5, 6]]
[[0, 1, 2]]
[[0, 1]]
[[0]]
[[1]]
[[1, 2]]
[[1]]
[[2]]
[[4, 5, 6]]
[[4, 5]]
[[4]]
[[5]]
[[5, 6]]
[[5]]
[[6]]
[[0, 1], [4, 5]]
[[0, 1]]
[[0]]
[[1]]
[[4, 5]]
[[4]]
[[5]]
[[0], [4]]
[[0]]
[[4]]
[[1], [5]]
[[1]]
[[5]]
[[1, 2], [5, 6]]
[[1, 2]]
[[1]]
[[2]]
[[5, 6]]
[[5]]
[[6]]
[[1], [5]]
[[1]]
[[5]]
[[2], [6]]
[[2]]
[[6]]
[[1, 2, 3], [5, 6, 7]]
[[1, 2, 3]]
[[1, 2]]
[[1]]
[[2]]
[[2, 3]]
[[2]]
[[3]]
[[5, 6, 7]]
[[5, 6]]
[[5]]
[[6]]
[[6, 7]]
[[6]]
[[7]]
[[1, 2], [5, 6]]
[[1, 2]]
[[1]]
[[2]]
[[5, 6]]
[[5]]
[[6]]
[[1], [5]]
[[1]]
[[5]]
[[2], [6]]
[[2]]
[[6]]
[[2, 3], [6, 7]]
[[2, 3]]
[[2]]
[[3]]
[[6, 7]]
[[6]]
[[7]]
[[2], [6]]
[[2]]
[[6]]
[[3], [7]]
[[3]]
[[7]]
[[4, 5, 6, 7], [8, 9, 10, 11]]
[[4, 5, 6, 7]]
[[4, 5, 6]]
[[4, 5]]
[[4]]
[[5]]
[[5, 6]]
[[5]]
[[6]]
[[5, 6, 7]]
[[5, 6]]
[[5]]
[[6]]
[[6, 7]]
[[6]]
[[7]]
[[8, 9, 10, 11]]
[[8, 9, 10]]
[[8, 9]]
[[8]]
[[9]]
[[9, 10]]
[[9]]
[[10]]
[[9, 10, 11]]
[[9, 10]]
[[9]]
[[10]]
[[10, 11]]
[[10]]
[[11]]
[[4, 5, 6], [8, 9, 10]]
[[4, 5, 6]]
[[4, 5]]
[[4]]
[[5]]
[[5, 6]]
[[5]]
[[6]]
[[8, 9, 10]]
[[8, 9]]
[[8]]
[[9]]
[[9, 10]]
[[9]]
[[10]]
[[4, 5], [8, 9]]
[[4, 5]]
[[4]]
[[5]]
[[8, 9]]
[[8]]
[[9]]
[[4], [8]]
[[4]]
[[8]]
[[5], [9]]
[[5]]
[[9]]
[[5, 6], [9, 10]]
[[5, 6]]
[[5]]
[[6]]
[[9, 10]]
[[9]]
[[10]]
[[5], [9]]
[[5]]
[[9]]
[[6], [10]]
[[6]]
[[10]]
[[5, 6, 7], [9, 10, 11]]
[[5, 6, 7]]
[[5, 6]]
[[5]]
[[6]]
[[6, 7]]
[[6]]
[[7]]
[[9, 10, 11]]
[[9, 10]]
[[9]]
[[10]]
[[10, 11]]
[[10]]
[[11]]
[[5, 6], [9, 10]]
[[5, 6]]
[[5]]
[[6]]
[[9, 10]]
[[9]]
[[10]]
[[5], [9]]
[[5]]
[[9]]
[[6], [10]]
[[6]]
[[10]]
[[6, 7], [10, 11]]
[[6, 7]]
[[6]]
[[7]]
[[10, 11]]
[[10]]
[[11]]
[[6], [10]]
[[6]]
[[10]]
[[7], [11]]
[[7]]
[[11]]
[[0, 1, 2], [4, 5, 6], [8, 9, 10]]
[[0, 1, 2], [4, 5, 6]]
[[0, 1, 2]]
[[0, 1]]
[[0]]
[[1]]
[[1, 2]]
[[1]]
[[2]]
[[4, 5, 6]]
[[4, 5]]
[[4]]
[[5]]
[[5, 6]]
[[5]]
[[6]]
[[0, 1], [4, 5]]
[[0, 1]]
[[0]]
[[1]]
[[4, 5]]
[[4]]
[[5]]
[[0], [4]]
[[0]]
[[4]]
[[1], [5]]
[[1]]
[[5]]
[[1, 2], [5, 6]]
[[1, 2]]
[[1]]
[[2]]
[[5, 6]]
[[5]]
[[6]]
[[1], [5]]
[[1]]
[[5]]
[[2], [6]]
[[2]]
[[6]]
[[4, 5, 6], [8, 9, 10]]
[[4, 5, 6]]
[[4, 5]]
[[4]]
[[5]]
[[5, 6]]
[[5]]
[[6]]
[[8, 9, 10]]
[[8, 9]]
[[8]]
[[9]]
[[9, 10]]
[[9]]
[[10]]
[[4, 5], [8, 9]]
[[4, 5]]
[[4]]
[[5]]
[[8, 9]]
[[8]]
[[9]]
[[4], [8]]
[[4]]
[[8]]
[[5], [9]]
[[5]]
[[9]]
[[5, 6], [9, 10]]
[[5, 6]]
[[5]]
[[6]]
[[9, 10]]
[[9]]
[[10]]
[[5], [9]]
[[5]]
[[9]]
[[6], [10]]
[[6]]
[[10]]
[[0, 1], [4, 5], [8, 9]]
[[0, 1], [4, 5]]
[[0, 1]]
[[0]]
[[1]]
[[4, 5]]
[[4]]
[[5]]
[[0], [4]]
[[0]]
[[4]]
[[1], [5]]
[[1]]
[[5]]
[[4, 5], [8, 9]]
[[4, 5]]
[[4]]
[[5]]
[[8, 9]]
[[8]]
[[9]]
[[4], [8]]
[[4]]
[[8]]
[[5], [9]]
[[5]]
[[9]]
[[0], [4], [8]]
[[0], [4]]
[[0]]
[[4]]
[[4], [8]]
[[4]]
[[8]]
[[1], [5], [9]]
[[1], [5]]
[[1]]
[[5]]
[[5], [9]]
[[5]]
[[9]]
[[1, 2], [5, 6], [9, 10]]
[[1, 2], [5, 6]]
[[1, 2]]
[[1]]
[[2]]
[[5, 6]]
[[5]]
[[6]]
[[1], [5]]
[[1]]
[[5]]
[[2], [6]]
[[2]]
[[6]]
[[5, 6], [9, 10]]
[[5, 6]]
[[5]]
[[6]]
[[9, 10]]
[[9]]
[[10]]
[[5], [9]]
[[5]]
[[9]]
[[6], [10]]
[[6]]
[[10]]
[[1], [5], [9]]
[[1], [5]]
[[1]]
[[5]]
[[5], [9]]
[[5]]
[[9]]
[[2], [6], [10]]
[[2], [6]]
[[2]]
[[6]]
[[6], [10]]
[[6]]
[[10]]
[[1, 2, 3], [5, 6, 7], [9, 10, 11]]
[[1, 2, 3], [5, 6, 7]]
[[1, 2, 3]]
[[1, 2]]
[[1]]
[[2]]
[[2, 3]]
[[2]]
[[3]]
[[5, 6, 7]]
[[5, 6]]
[[5]]
[[6]]
[[6, 7]]
[[6]]
[[7]]
[[1, 2], [5, 6]]
[[1, 2]]
[[1]]
[[2]]
[[5, 6]]
[[5]]
[[6]]
[[1], [5]]
[[1]]
[[5]]
[[2], [6]]
[[2]]
[[6]]
[[2, 3], [6, 7]]
[[2, 3]]
[[2]]
[[3]]
[[6, 7]]
[[6]]
[[7]]
[[2], [6]]
[[2]]
[[6]]
[[3], [7]]
[[3]]
[[7]]
[[5, 6, 7], [9, 10, 11]]
[[5, 6, 7]]
[[5, 6]]
[[5]]
[[6]]
[[6, 7]]
[[6]]
[[7]]
[[9, 10, 11]]
[[9, 10]]
[[9]]
[[10]]
[[10, 11]]
[[10]]
[[11]]
[[5, 6], [9, 10]]
[[5, 6]]
[[5]]
[[6]]
[[9, 10]]
[[9]]
[[10]]
[[5], [9]]
[[5]]
[[9]]
[[6], [10]]
[[6]]
[[10]]
[[6, 7], [10, 11]]
[[6, 7]]
[[6]]
[[7]]
[[10, 11]]
[[10]]
[[11]]
[[6], [10]]
[[6]]
[[10]]
[[7], [11]]
[[7]]
[[11]]
[[1, 2], [5, 6], [9, 10]]
[[1, 2], [5, 6]]
[[1, 2]]
[[1]]
[[2]]
[[5, 6]]
[[5]]
[[6]]
[[1], [5]]
[[1]]
[[5]]
[[2], [6]]
[[2]]
[[6]]
[[5, 6], [9, 10]]
[[5, 6]]
[[5]]
[[6]]
[[9, 10]]
[[9]]
[[10]]
[[5], [9]]
[[5]]
[[9]]
[[6], [10]]
[[6]]
[[10]]
[[1], [5], [9]]
[[1], [5]]
[[1]]
[[5]]
[[5], [9]]
[[5]]
[[9]]
[[2], [6], [10]]
[[2], [6]]
[[2]]
[[6]]
[[6], [10]]
[[6]]
[[10]]
[[2, 3], [6, 7], [10, 11]]
[[2, 3], [6, 7]]
[[2, 3]]
[[2]]
[[3]]
[[6, 7]]
[[6]]
[[7]]
[[2], [6]]
[[2]]
[[6]]
[[3], [7]]
[[3]]
[[7]]
[[6, 7], [10, 11]]
[[6, 7]]
[[6]]
[[7]]
[[10, 11]]
[[10]]
[[11]]
[[6], [10]]
[[6]]
[[10]]
[[7], [11]]
[[7]]
[[11]]
[[2], [6], [10]]
[[2], [6]]
[[2]]
[[6]]
[[6], [10]]
[[6]]
[[10]]
[[3], [7], [11]]
[[3], [7]]
[[3]]
[[7]]
[[7], [11]]
[[7]]
[[11]]
[[4, 5, 6, 7], [8, 9, 10, 11], [12, 13, 14, 15]]
[[4, 5, 6, 7], [8, 9, 10, 11]]
[[4, 5, 6, 7]]
[[4, 5, 6]]
[[4, 5]]
[[4]]
[[5]]
[[5, 6]]
[[5]]
[[6]]
[[5, 6, 7]]
[[5, 6]]
[[5]]
[[6]]
[[6, 7]]
[[6]]
[[7]]
[[8, 9, 10, 11]]
[[8, 9, 10]]
[[8, 9]]
[[8]]
[[9]]
[[9, 10]]
[[9]]
[[10]]
[[9, 10, 11]]
[[9, 10]]
[[9]]
[[10]]
[[10, 11]]
[[10]]
[[11]]
[[4, 5, 6], [8, 9, 10]]
[[4, 5, 6]]
[[4, 5]]
[[4]]
[[5]]
[[5, 6]]
[[5]]
[[6]]
[[8, 9, 10]]
[[8, 9]]
[[8]]
[[9]]
[[9, 10]]
[[9]]
[[10]]
[[4, 5], [8, 9]]
[[4, 5]]
[[4]]
[[5]]
[[8, 9]]
[[8]]
[[9]]
[[4], [8]]
[[4]]
[[8]]
[[5], [9]]
[[5]]
[[9]]
[[5, 6], [9, 10]]
[[5, 6]]
[[5]]
[[6]]
[[9, 10]]
[[9]]
[[10]]
[[5], [9]]
[[5]]
[[9]]
[[6], [10]]
[[6]]
[[10]]
[[5, 6, 7], [9, 10, 11]]
[[5, 6, 7]]
[[5, 6]]
[[5]]
[[6]]
[[6, 7]]
[[6]]
[[7]]
[[9, 10, 11]]
[[9, 10]]
[[9]]
[[10]]
[[10, 11]]
[[10]]
[[11]]
[[5, 6], [9, 10]]
[[5, 6]]
[[5]]
[[6]]
[[9, 10]]
[[9]]
[[10]]
[[5], [9]]
[[5]]
[[9]]
[[6], [10]]
[[6]]
[[10]]
[[6, 7], [10, 11]]
[[6, 7]]
[[6]]
[[7]]
[[10, 11]]
[[10]]
[[11]]
[[6], [10]]
[[6]]
[[10]]
[[7], [11]]
[[7]]
[[11]]
[[8, 9, 10, 11], [12, 13, 14, 15]]
[[8, 9, 10, 11]]
[[8, 9, 10]]
[[8, 9]]
[[8]]
[[9]]
[[9, 10]]
[[9]]
[[10]]
[[9, 10, 11]]
[[9, 10]]
[[9]]
[[10]]
[[10, 11]]
[[10]]
[[11]]
[[12, 13, 14, 15]]
[[12, 13, 14]]
[[12, 13]]
[[12]]
[[13]]
[[13, 14]]
[[13]]
[[14]]
[[13, 14, 15]]
[[13, 14]]
[[13]]
[[14]]
[[14, 15]]
[[14]]
[[15]]
[[8, 9, 10], [12, 13, 14]]
[[8, 9, 10]]
[[8, 9]]
[[8]]
[[9]]
[[9, 10]]
[[9]]
[[10]]
[[12, 13, 14]]
[[12, 13]]
[[12]]
[[13]]
[[13, 14]]
[[13]]
[[14]]
[[8, 9], [12, 13]]
[[8, 9]]
[[8]]
[[9]]
[[12, 13]]
[[12]]
[[13]]
[[8], [12]]
[[8]]
[[12]]
[[9], [13]]
[[9]]
[[13]]
[[9, 10], [13, 14]]
[[9, 10]]
[[9]]
[[10]]
[[13, 14]]
[[13]]
[[14]]
[[9], [13]]
[[9]]
[[13]]
[[10], [14]]
[[10]]
[[14]]
[[9, 10, 11], [13, 14, 15]]
[[9, 10, 11]]
[[9, 10]]
[[9]]
[[10]]
[[10, 11]]
[[10]]
[[11]]
[[13, 14, 15]]
[[13, 14]]
[[13]]
[[14]]
[[14, 15]]
[[14]]
[[15]]
[[9, 10], [13, 14]]
[[9, 10]]
[[9]]
[[10]]
[[13, 14]]
[[13]]
[[14]]
[[9], [13]]
[[9]]
[[13]]
[[10], [14]]
[[10]]
[[14]]
[[10, 11], [14, 15]]
[[10, 11]]
[[10]]
[[11]]
[[14, 15]]
[[14]]
[[15]]
[[10], [14]]
[[10]]
[[14]]
[[11], [15]]
[[11]]
[[15]]
[[4, 5, 6], [8, 9, 10], [12, 13, 14]]
[[4, 5, 6], [8, 9, 10]]
[[4, 5, 6]]
[[4, 5]]
[[4]]
[[5]]
[[5, 6]]
[[5]]
[[6]]
[[8, 9, 10]]
[[8, 9]]
[[8]]
[[9]]
[[9, 10]]
[[9]]
[[10]]
[[4, 5], [8, 9]]
[[4, 5]]
[[4]]
[[5]]
[[8, 9]]
[[8]]
[[9]]
[[4], [8]]
[[4]]
[[8]]
[[5], [9]]
[[5]]
[[9]]
[[5, 6], [9, 10]]
[[5, 6]]
[[5]]
[[6]]
[[9, 10]]
[[9]]
[[10]]
[[5], [9]]
[[5]]
[[9]]
[[6], [10]]
[[6]]
[[10]]
[[8, 9, 10], [12, 13, 14]]
[[8, 9, 10]]
[[8, 9]]
[[8]]
[[9]]
[[9, 10]]
[[9]]
[[10]]
[[12, 13, 14]]
[[12, 13]]
[[12]]
[[13]]
[[13, 14]]
[[13]]
[[14]]
[[8, 9], [12, 13]]
[[8, 9]]
[[8]]
[[9]]
[[12, 13]]
[[12]]
[[13]]
[[8], [12]]
[[8]]
[[12]]
[[9], [13]]
[[9]]
[[13]]
[[9, 10], [13, 14]]
[[9, 10]]
[[9]]
[[10]]
[[13, 14]]
[[13]]
[[14]]
[[9], [13]]
[[9]]
[[13]]
[[10], [14]]
[[10]]
[[14]]
[[4, 5], [8, 9], [12, 13]]
[[4, 5], [8, 9]]
[[4, 5]]
[[4]]
[[5]]
[[8, 9]]
[[8]]
[[9]]
[[4], [8]]
[[4]]
[[8]]
[[5], [9]]
[[5]]
[[9]]
[[8, 9], [12, 13]]
[[8, 9]]
[[8]]
[[9]]
[[12, 13]]
[[12]]
[[13]]
[[8], [12]]
[[8]]
[[12]]
[[9], [13]]
[[9]]
[[13]]
[[4], [8], [12]]
[[4], [8]]
[[4]]
[[8]]
[[8], [12]]
[[8]]
[[12]]
[[5], [9], [13]]
[[5], [9]]
[[5]]
[[9]]
[[9], [13]]
[[9]]
[[13]]
[[5, 6], [9, 10], [13, 14]]
[[5, 6], [9, 10]]
[[5, 6]]
[[5]]
[[6]]
[[9, 10]]
[[9]]
[[10]]
[[5], [9]]
[[5]]
[[9]]
[[6], [10]]
[[6]]
[[10]]
[[9, 10], [13, 14]]
[[9, 10]]
[[9]]
[[10]]
[[13, 14]]
[[13]]
[[14]]
[[9], [13]]
[[9]]
[[13]]
[[10], [14]]
[[10]]
[[14]]
[[5], [9], [13]]
[[5], [9]]
[[5]]
[[9]]
[[9], [13]]
[[9]]
[[13]]
[[6], [10], [14]]
[[6], [10]]
[[6]]
[[10]]
[[10], [14]]
[[10]]
[[14]]
[[5, 6, 7], [9, 10, 11], [13, 14, 15]]
[[5, 6, 7], [9, 10, 11]]
[[5, 6, 7]]
[[5, 6]]
[[5]]
[[6]]
[[6, 7]]
[[6]]
[[7]]
[[9, 10, 11]]
[[9, 10]]
[[9]]
[[10]]
[[10, 11]]
[[10]]
[[11]]
[[5, 6], [9, 10]]
[[5, 6]]
[[5]]
[[6]]
[[9, 10]]
[[9]]
[[10]]
[[5], [9]]
[[5]]
[[9]]
[[6], [10]]
[[6]]
[[10]]
[[6, 7], [10, 11]]
[[6, 7]]
[[6]]
[[7]]
[[10, 11]]
[[10]]
[[11]]
[[6], [10]]
[[6]]
[[10]]
[[7], [11]]
[[7]]
[[11]]
[[9, 10, 11], [13, 14, 15]]
[[9, 10, 11]]
[[9, 10]]
[[9]]
[[10]]
[[10, 11]]
[[10]]
[[11]]
[[13, 14, 15]]
[[13, 14]]
[[13]]
[[14]]
[[14, 15]]
[[14]]
[[15]]
[[9, 10], [13, 14]]
[[9, 10]]
[[9]]
[[10]]
[[13, 14]]
[[13]]
[[14]]
[[9], [13]]
[[9]]
[[13]]
[[10], [14]]
[[10]]
[[14]]
[[10, 11], [14, 15]]
[[10, 11]]
[[10]]
[[11]]
[[14, 15]]
[[14]]
[[15]]
[[10], [14]]
[[10]]
[[14]]
[[11], [15]]
[[11]]
[[15]]
[[5, 6], [9, 10], [13, 14]]
[[5, 6], [9, 10]]
[[5, 6]]
[[5]]
[[6]]
[[9, 10]]
[[9]]
[[10]]
[[5], [9]]
[[5]]
[[9]]
[[6], [10]]
[[6]]
[[10]]
[[9, 10], [13, 14]]
[[9, 10]]
[[9]]
[[10]]
[[13, 14]]
[[13]]
[[14]]
[[9], [13]]
[[9]]
[[13]]
[[10], [14]]
[[10]]
[[14]]
[[5], [9], [13]]
[[5], [9]]
[[5]]
[[9]]
[[9], [13]]
[[9]]
[[13]]
[[6], [10], [14]]
[[6], [10]]
[[6]]
[[10]]
[[10], [14]]
[[10]]
[[14]]
[[6, 7], [10, 11], [14, 15]]
[[6, 7], [10, 11]]
[[6, 7]]
[[6]]
[[7]]
[[10, 11]]
[[10]]
[[11]]
[[6], [10]]
[[6]]
[[10]]
[[7], [11]]
[[7]]
[[11]]
[[10, 11], [14, 15]]
[[10, 11]]
[[10]]
[[11]]
[[14, 15]]
[[14]]
[[15]]
[[10], [14]]
[[10]]
[[14]]
[[11], [15]]
[[11]]
[[15]]
[[6], [10], [14]]
[[6], [10]]
[[6]]
[[10]]
[[10], [14]]
[[10]]
[[14]]
[[7], [11], [15]]
[[7], [11]]
[[7]]
[[11]]
[[11], [15]]
[[11]]
[[15]]
[[0, 1, 2], [4, 5, 6], [8, 9, 10], [12, 13, 14]]
[[0, 1, 2], [4, 5, 6], [8, 9, 10]]
[[0, 1, 2], [4, 5, 6]]
[[0, 1, 2]]
[[0, 1]]
[[0]]
[[1]]
[[1, 2]]
[[1]]
[[2]]
[[4, 5, 6]]
[[4, 5]]
[[4]]
[[5]]
[[5, 6]]
[[5]]
[[6]]
[[0, 1], [4, 5]]
[[0, 1]]
[[0]]
[[1]]
[[4, 5]]
[[4]]
[[5]]
[[0], [4]]
[[0]]
[[4]]
[[1], [5]]
[[1]]
[[5]]
[[1, 2], [5, 6]]
[[1, 2]]
[[1]]
[[2]]
[[5, 6]]
[[5]]
[[6]]
[[1], [5]]
[[1]]
[[5]]
[[2], [6]]
[[2]]
[[6]]
[[4, 5, 6], [8, 9, 10]]
[[4, 5, 6]]
[[4, 5]]
[[4]]
[[5]]
[[5, 6]]
[[5]]
[[6]]
[[8, 9, 10]]
[[8, 9]]
[[8]]
[[9]]
[[9, 10]]
[[9]]
[[10]]
[[4, 5], [8, 9]]
[[4, 5]]
[[4]]
[[5]]
[[8, 9]]
[[8]]
[[9]]
[[4], [8]]
[[4]]
[[8]]
[[5], [9]]
[[5]]
[[9]]
[[5, 6], [9, 10]]
[[5, 6]]
[[5]]
[[6]]
[[9, 10]]
[[9]]
[[10]]
[[5], [9]]
[[5]]
[[9]]
[[6], [10]]
[[6]]
[[10]]
[[0, 1], [4, 5], [8, 9]]
[[0, 1], [4, 5]]
[[0, 1]]
[[0]]
[[1]]
[[4, 5]]
[[4]]
[[5]]
[[0], [4]]
[[0]]
[[4]]
[[1], [5]]
[[1]]
[[5]]
[[4, 5], [8, 9]]
[[4, 5]]
[[4]]
[[5]]
[[8, 9]]
[[8]]
[[9]]
[[4], [8]]
[[4]]
[[8]]
[[5], [9]]
[[5]]
[[9]]
[[0], [4], [8]]
[[0], [4]]
[[0]]
[[4]]
[[4], [8]]
[[4]]
[[8]]
[[1], [5], [9]]
[[1], [5]]
[[1]]
[[5]]
[[5], [9]]
[[5]]
[[9]]
[[1, 2], [5, 6], [9, 10]]
[[1, 2], [5, 6]]
[[1, 2]]
[[1]]
[[2]]
[[5, 6]]
[[5]]
[[6]]
[[1], [5]]
[[1]]
[[5]]
[[2], [6]]
[[2]]
[[6]]
[[5, 6], [9, 10]]
[[5, 6]]
[[5]]
[[6]]
[[9, 10]]
[[9]]
[[10]]
[[5], [9]]
[[5]]
[[9]]
[[6], [10]]
[[6]]
[[10]]
[[1], [5], [9]]
[[1], [5]]
[[1]]
[[5]]
[[5], [9]]
[[5]]
[[9]]
[[2], [6], [10]]
[[2], [6]]
[[2]]
[[6]]
[[6], [10]]
[[6]]
[[10]]
[[4, 5, 6], [8, 9, 10], [12, 13, 14]]
[[4, 5, 6], [8, 9, 10]]
[[4, 5, 6]]
[[4, 5]]
[[4]]
[[5]]
[[5, 6]]
[[5]]
[[6]]
[[8, 9, 10]]
[[8, 9]]
[[8]]
[[9]]
[[9, 10]]
[[9]]
[[10]]
[[4, 5], [8, 9]]
[[4, 5]]
[[4]]
[[5]]
[[8, 9]]
[[8]]
[[9]]
[[4], [8]]
[[4]]
[[8]]
[[5], [9]]
[[5]]
[[9]]
[[5, 6], [9, 10]]
[[5, 6]]
[[5]]
[[6]]
[[9, 10]]
[[9]]
[[10]]
[[5], [9]]
[[5]]
[[9]]
[[6], [10]]
[[6]]
[[10]]
[[8, 9, 10], [12, 13, 14]]
[[8, 9, 10]]
[[8, 9]]
[[8]]
[[9]]
[[9, 10]]
[[9]]
[[10]]
[[12, 13, 14]]
[[12, 13]]
[[12]]
[[13]]
[[13, 14]]
[[13]]
[[14]]
[[8, 9], [12, 13]]
[[8, 9]]
[[8]]
[[9]]
[[12, 13]]
[[12]]
[[13]]
[[8], [12]]
[[8]]
[[12]]
[[9], [13]]
[[9]]
[[13]]
[[9, 10], [13, 14]]
[[9, 10]]
[[9]]
[[10]]
[[13, 14]]
[[13]]
[[14]]
[[9], [13]]
[[9]]
[[13]]
[[10], [14]]
[[10]]
[[14]]
[[4, 5], [8, 9], [12, 13]]
[[4, 5], [8, 9]]
[[4, 5]]
[[4]]
[[5]]
[[8, 9]]
[[8]]
[[9]]
[[4], [8]]
[[4]]
[[8]]
[[5], [9]]
[[5]]
[[9]]
[[8, 9], [12, 13]]
[[8, 9]]
[[8]]
[[9]]
[[12, 13]]
[[12]]
[[13]]
[[8], [12]]
[[8]]
[[12]]
[[9], [13]]
[[9]]
[[13]]
[[4], [8], [12]]
[[4], [8]]
[[4]]
[[8]]
[[8], [12]]
[[8]]
[[12]]
[[5], [9], [13]]
[[5], [9]]
[[5]]
[[9]]
[[9], [13]]
[[9]]
[[13]]
[[5, 6], [9, 10], [13, 14]]
[[5, 6], [9, 10]]
[[5, 6]]
[[5]]
[[6]]
[[9, 10]]
[[9]]
[[10]]
[[5], [9]]
[[5]]
[[9]]
[[6], [10]]
[[6]]
[[10]]
[[9, 10], [13, 14]]
[[9, 10]]
[[9]]
[[10]]
[[13, 14]]
[[13]]
[[14]]
[[9], [13]]
[[9]]
[[13]]
[[10], [14]]
[[10]]
[[14]]
[[5], [9], [13]]
[[5], [9]]
[[5]]
[[9]]
[[9], [13]]
[[9]]
[[13]]
[[6], [10], [14]]
[[6], [10]]
[[6]]
[[10]]
[[10], [14]]
[[10]]
[[14]]
[[0, 1], [4, 5], [8, 9], [12, 13]]
[[0, 1], [4, 5], [8, 9]]
[[0, 1], [4, 5]]
[[0, 1]]
[[0]]
[[1]]
[[4, 5]]
[[4]]
[[5]]
[[0], [4]]
[[0]]
[[4]]
[[1], [5]]
[[1]]
[[5]]
[[4, 5], [8, 9]]
[[4, 5]]
[[4]]
[[5]]
[[8, 9]]
[[8]]
[[9]]
[[4], [8]]
[[4]]
[[8]]
[[5], [9]]
[[5]]
[[9]]
[[0], [4], [8]]
[[0], [4]]
[[0]]
[[4]]
[[4], [8]]
[[4]]
[[8]]
[[1], [5], [9]]
[[1], [5]]
[[1]]
[[5]]
[[5], [9]]
[[5]]
[[9]]
[[4, 5], [8, 9], [12, 13]]
[[4, 5], [8, 9]]
[[4, 5]]
[[4]]
[[5]]
[[8, 9]]
[[8]]
[[9]]
[[4], [8]]
[[4]]
[[8]]
[[5], [9]]
[[5]]
[[9]]
[[8, 9], [12, 13]]
[[8, 9]]
[[8]]
[[9]]
[[12, 13]]
[[12]]
[[13]]
[[8], [12]]
[[8]]
[[12]]
[[9], [13]]
[[9]]
[[13]]
[[4], [8], [12]]
[[4], [8]]
[[4]]
[[8]]
[[8], [12]]
[[8]]
[[12]]
[[5], [9], [13]]
[[5], [9]]
[[5]]
[[9]]
[[9], [13]]
[[9]]
[[13]]
[[0], [4], [8], [12]]
[[0], [4], [8]]
[[0], [4]]
[[0]]
[[4]]
[[4], [8]]
[[4]]
[[8]]
[[4], [8], [12]]
[[4], [8]]
[[4]]
[[8]]
[[8], [12]]
[[8]]
[[12]]
[[1], [5], [9], [13]]
[[1], [5], [9]]
[[1], [5]]
[[1]]
[[5]]
[[5], [9]]
[[5]]
[[9]]
[[5], [9], [13]]
[[5], [9]]
[[5]]
[[9]]
[[9], [13]]
[[9]]
[[13]]
[[1, 2], [5, 6], [9, 10], [13, 14]]
[[1, 2], [5, 6], [9, 10]]
[[1, 2], [5, 6]]
[[1, 2]]
[[1]]
[[2]]
[[5, 6]]
[[5]]
[[6]]
[[1], [5]]
[[1]]
[[5]]
[[2], [6]]
[[2]]
[[6]]
[[5, 6], [9, 10]]
[[5, 6]]
[[5]]
[[6]]
[[9, 10]]
[[9]]
[[10]]
[[5], [9]]
[[5]]
[[9]]
[[6], [10]]
[[6]]
[[10]]
[[1], [5], [9]]
[[1], [5]]
[[1]]
[[5]]
[[5], [9]]
[[5]]
[[9]]
[[2], [6], [10]]
[[2], [6]]
[[2]]
[[6]]
[[6], [10]]
[[6]]
[[10]]
[[5, 6], [9, 10], [13, 14]]
[[5, 6], [9, 10]]
[[5, 6]]
[[5]]
[[6]]
[[9, 10]]
[[9]]
[[10]]
[[5], [9]]
[[5]]
[[9]]
[[6], [10]]
[[6]]
[[10]]
[[9, 10], [13, 14]]
[[9, 10]]
[[9]]
[[10]]
[[13, 14]]
[[13]]
[[14]]
[[9], [13]]
[[9]]
[[13]]
[[10], [14]]
[[10]]
[[14]]
[[5], [9], [13]]
[[5], [9]]
[[5]]
[[9]]
[[9], [13]]
[[9]]
[[13]]
[[6], [10], [14]]
[[6], [10]]
[[6]]
[[10]]
[[10], [14]]
[[10]]
[[14]]
[[1], [5], [9], [13]]
[[1], [5], [9]]
[[1], [5]]
[[1]]
[[5]]
[[5], [9]]
[[5]]
[[9]]
[[5], [9], [13]]
[[5], [9]]
[[5]]
[[9]]
[[9], [13]]
[[9]]
[[13]]
[[2], [6], [10], [14]]
[[2], [6], [10]]
[[2], [6]]
[[2]]
[[6]]
[[6], [10]]
[[6]]
[[10]]
[[6], [10], [14]]
[[6], [10]]
[[6]]
[[10]]
[[10], [14]]
[[10]]
[[14]]
[[1, 2, 3], [5, 6, 7], [9, 10, 11], [13, 14, 15]]
[[1, 2, 3], [5, 6, 7], [9, 10, 11]]
[[1, 2, 3], [5, 6, 7]]
[[1, 2, 3]]
[[1, 2]]
[[1]]
[[2]]
[[2, 3]]
[[2]]
[[3]]
[[5, 6, 7]]
[[5, 6]]
[[5]]
[[6]]
[[6, 7]]
[[6]]
[[7]]
[[1, 2], [5, 6]]
[[1, 2]]
[[1]]
[[2]]
[[5, 6]]
[[5]]
[[6]]
[[1], [5]]
[[1]]
[[5]]
[[2], [6]]
[[2]]
[[6]]
[[2, 3], [6, 7]]
[[2, 3]]
[[2]]
[[3]]
[[6, 7]]
[[6]]
[[7]]
[[2], [6]]
[[2]]
[[6]]
[[3], [7]]
[[3]]
[[7]]
[[5, 6, 7], [9, 10, 11]]
[[5, 6, 7]]
[[5, 6]]
[[5]]
[[6]]
[[6, 7]]
[[6]]
[[7]]
[[9, 10, 11]]
[[9, 10]]
[[9]]
[[10]]
[[10, 11]]
[[10]]
[[11]]
[[5, 6], [9, 10]]
[[5, 6]]
[[5]]
[[6]]
[[9, 10]]
[[9]]
[[10]]
[[5], [9]]
[[5]]
[[9]]
[[6], [10]]
[[6]]
[[10]]
[[6, 7], [10, 11]]
[[6, 7]]
[[6]]
[[7]]
[[10, 11]]
[[10]]
[[11]]
[[6], [10]]
[[6]]
[[10]]
[[7], [11]]
[[7]]
[[11]]
[[1, 2], [5, 6], [9, 10]]
[[1, 2], [5, 6]]
[[1, 2]]
[[1]]
[[2]]
[[5, 6]]
[[5]]
[[6]]
[[1], [5]]
[[1]]
[[5]]
[[2], [6]]
[[2]]
[[6]]
[[5, 6], [9, 10]]
[[5, 6]]
[[5]]
[[6]]
[[9, 10]]
[[9]]
[[10]]
[[5], [9]]
[[5]]
[[9]]
[[6], [10]]
[[6]]
[[10]]
[[1], [5], [9]]
[[1], [5]]
[[1]]
[[5]]
[[5], [9]]
[[5]]
[[9]]
[[2], [6], [10]]
[[2], [6]]
[[2]]
[[6]]
[[6], [10]]
[[6]]
[[10]]
[[2, 3], [6, 7], [10, 11]]
[[2, 3], [6, 7]]
[[2, 3]]
[[2]]
[[3]]
[[6, 7]]
[[6]]
[[7]]
[[2], [6]]
[[2]]
[[6]]
[[3], [7]]
[[3]]
[[7]]
[[6, 7], [10, 11]]
[[6, 7]]
[[6]]
[[7]]
[[10, 11]]
[[10]]
[[11]]
[[6], [10]]
[[6]]
[[10]]
[[7], [11]]
[[7]]
[[11]]
[[2], [6], [10]]
[[2], [6]]
[[2]]
[[6]]
[[6], [10]]
[[6]]
[[10]]
[[3], [7], [11]]
[[3], [7]]
[[3]]
[[7]]
[[7], [11]]
[[7]]
[[11]]
[[5, 6, 7], [9, 10, 11], [13, 14, 15]]
[[5, 6, 7], [9, 10, 11]]
[[5, 6, 7]]
[[5, 6]]
[[5]]
[[6]]
[[6, 7]]
[[6]]
[[7]]
[[9, 10, 11]]
[[9, 10]]
[[9]]
[[10]]
[[10, 11]]
[[10]]
[[11]]
[[5, 6], [9, 10]]
[[5, 6]]
[[5]]
[[6]]
[[9, 10]]
[[9]]
[[10]]
[[5], [9]]
[[5]]
[[9]]
[[6], [10]]
[[6]]
[[10]]
[[6, 7], [10, 11]]
[[6, 7]]
[[6]]
[[7]]
[[10, 11]]
[[10]]
[[11]]
[[6], [10]]
[[6]]
[[10]]
[[7], [11]]
[[7]]
[[11]]
[[9, 10, 11], [13, 14, 15]]
[[9, 10, 11]]
[[9, 10]]
[[9]]
[[10]]
[[10, 11]]
[[10]]
[[11]]
[[13, 14, 15]]
[[13, 14]]
[[13]]
[[14]]
[[14, 15]]
[[14]]
[[15]]
[[9, 10], [13, 14]]
[[9, 10]]
[[9]]
[[10]]
[[13, 14]]
[[13]]
[[14]]
[[9], [13]]
[[9]]
[[13]]
[[10], [14]]
[[10]]
[[14]]
[[10, 11], [14, 15]]
[[10, 11]]
[[10]]
[[11]]
[[14, 15]]
[[14]]
[[15]]
[[10], [14]]
[[10]]
[[14]]
[[11], [15]]
[[11]]
[[15]]
[[5, 6], [9, 10], [13, 14]]
[[5, 6], [9, 10]]
[[5, 6]]
[[5]]
[[6]]
[[9, 10]]
[[9]]
[[10]]
[[5], [9]]
[[5]]
[[9]]
[[6], [10]]
[[6]]
[[10]]
[[9, 10], [13, 14]]
[[9, 10]]
[[9]]
[[10]]
[[13, 14]]
[[13]]
[[14]]
[[9], [13]]
[[9]]
[[13]]
[[10], [14]]
[[10]]
[[14]]
[[5], [9], [13]]
[[5], [9]]
[[5]]
[[9]]
[[9], [13]]
[[9]]
[[13]]
[[6], [10], [14]]
[[6], [10]]
[[6]]
[[10]]
[[10], [14]]
[[10]]
[[14]]
[[6, 7], [10, 11], [14, 15]]
[[6, 7], [10, 11]]
[[6, 7]]
[[6]]
[[7]]
[[10, 11]]
[[10]]
[[11]]
[[6], [10]]
[[6]]
[[10]]
[[7], [11]]
[[7]]
[[11]]
[[10, 11], [14, 15]]
[[10, 11]]
[[10]]
[[11]]
[[14, 15]]
[[14]]
[[15]]
[[10], [14]]
[[10]]
[[14]]
[[11], [15]]
[[11]]
[[15]]
[[6], [10], [14]]
[[6], [10]]
[[6]]
[[10]]
[[10], [14]]
[[10]]
[[14]]
[[7], [11], [15]]
[[7], [11]]
[[7]]
[[11]]
[[11], [15]]
[[11]]
[[15]]
[[1, 2], [5, 6], [9, 10], [13, 14]]
[[1, 2], [5, 6], [9, 10]]
[[1, 2], [5, 6]]
[[1, 2]]
[[1]]
[[2]]
[[5, 6]]
[[5]]
[[6]]
[[1], [5]]
[[1]]
[[5]]
[[2], [6]]
[[2]]
[[6]]
[[5, 6], [9, 10]]
[[5, 6]]
[[5]]
[[6]]
[[9, 10]]
[[9]]
[[10]]
[[5], [9]]
[[5]]
[[9]]
[[6], [10]]
[[6]]
[[10]]
[[1], [5], [9]]
[[1], [5]]
[[1]]
[[5]]
[[5], [9]]
[[5]]
[[9]]
[[2], [6], [10]]
[[2], [6]]
[[2]]
[[6]]
[[6], [10]]
[[6]]
[[10]]
[[5, 6], [9, 10], [13, 14]]
[[5, 6], [9, 10]]
[[5, 6]]
[[5]]
[[6]]
[[9, 10]]
[[9]]
[[10]]
[[5], [9]]
[[5]]
[[9]]
[[6], [10]]
[[6]]
[[10]]
[[9, 10], [13, 14]]
[[9, 10]]
[[9]]
[[10]]
[[13, 14]]
[[13]]
[[14]]
[[9], [13]]
[[9]]
[[13]]
[[10], [14]]
[[10]]
[[14]]
[[5], [9], [13]]
[[5], [9]]
[[5]]
[[9]]
[[9], [13]]
[[9]]
[[13]]
[[6], [10], [14]]
[[6], [10]]
[[6]]
[[10]]
[[10], [14]]
[[10]]
[[14]]
[[1], [5], [9], [13]]
[[1], [5], [9]]
[[1], [5]]
[[1]]
[[5]]
[[5], [9]]
[[5]]
[[9]]
[[5], [9], [13]]
[[5], [9]]
[[5]]
[[9]]
[[9], [13]]
[[9]]
[[13]]
[[2], [6], [10], [14]]
[[2], [6], [10]]
[[2], [6]]
[[2]]
[[6]]
[[6], [10]]
[[6]]
[[10]]
[[6], [10], [14]]
[[6], [10]]
[[6]]
[[10]]
[[10], [14]]
[[10]]
[[14]]
[[2, 3], [6, 7], [10, 11], [14, 15]]
[[2, 3], [6, 7], [10, 11]]
[[2, 3], [6, 7]]
[[2, 3]]
[[2]]
[[3]]
[[6, 7]]
[[6]]
[[7]]
[[2], [6]]
[[2]]
[[6]]
[[3], [7]]
[[3]]
[[7]]
[[6, 7], [10, 11]]
[[6, 7]]
[[6]]
[[7]]
[[10, 11]]
[[10]]
[[11]]
[[6], [10]]
[[6]]
[[10]]
[[7], [11]]
[[7]]
[[11]]
[[2], [6], [10]]
[[2], [6]]
[[2]]
[[6]]
[[6], [10]]
[[6]]
[[10]]
[[3], [7], [11]]
[[3], [7]]
[[3]]
[[7]]
[[7], [11]]
[[7]]
[[11]]
[[6, 7], [10, 11], [14, 15]]
[[6, 7], [10, 11]]
[[6, 7]]
[[6]]
[[7]]
[[10, 11]]
[[10]]
[[11]]
[[6], [10]]
[[6]]
[[10]]
[[7], [11]]
[[7]]
[[11]]
[[10, 11], [14, 15]]
[[10, 11]]
[[10]]
[[11]]
[[14, 15]]
[[14]]
[[15]]
[[10], [14]]
[[10]]
[[14]]
[[11], [15]]
[[11]]
[[15]]
[[6], [10], [14]]
[[6], [10]]
[[6]]
[[10]]
[[10], [14]]
[[10]]
[[14]]
[[7], [11], [15]]
[[7], [11]]
[[7]]
[[11]]
[[11], [15]]
[[11]]
[[15]]
[[2], [6], [10], [14]]
[[2], [6], [10]]
[[2], [6]]
[[2]]
[[6]]
[[6], [10]]
[[6]]
[[10]]
[[6], [10], [14]]
[[6], [10]]
[[6]]
[[10]]
[[10], [14]]
[[10]]
[[14]]
[[3], [7], [11], [15]]
[[3], [7], [11]]
[[3], [7]]
[[3]]
[[7]]
[[7], [11]]
[[7]]
[[11]]
[[7], [11], [15]]
[[7], [11]]
[[7]]
[[11]]
[[11], [15]]
[[11]]
[[15]]
